  2.000000000000000E-003  2.000000000000000E-003  -12.1908316683282     
  2.000000000000000E-003  0.298270416666667       -11.9379908164078     
  2.000000000000000E-003  0.594540833333333       -10.5577106596317     
  2.000000000000000E-003  0.890811250000000       -8.58794810647955     
  2.000000000000000E-003   1.18708166666667       -6.83235202822133     
  2.000000000000000E-003   1.48335208333333       -5.46754358633227     
  2.000000000000000E-003   1.77962250000000       -4.43890823260351     
  2.000000000000000E-003   2.07589291666667       -3.66671482885905     
  2.000000000000000E-003   2.37216333333333       -3.08565838336126     
  2.000000000000000E-003   2.66843375000000       -2.64521317007400     
  2.000000000000000E-003   2.96470416666667       -2.30423845281965     
  2.000000000000000E-003   3.26097458333333       -2.03371264479135     
  2.000000000000000E-003   3.55724500000000       -1.81271634974575     
  2.000000000000000E-003   3.85351541666667       -1.62686968861475     
  2.000000000000000E-003   4.14978583333333       -1.46724526706372     
  2.000000000000000E-003   4.44605625000000       -1.32880249166921     
  2.000000000000000E-003   4.74232666666667       -1.20859700724879     
  2.000000000000000E-003   5.03859708333333       -1.10431500872452     
  2.000000000000000E-003   5.33486750000000       -1.01373344084493     
  2.000000000000000E-003   5.63113791666667      -0.934752124835361     
  2.000000000000000E-003   5.92740833333333      -0.865364413269424     
  2.000000000000000E-003   6.22367875000000      -0.803967101749594     
  2.000000000000000E-003   6.51994916666667      -0.751170230397230     
  2.000000000000000E-003   6.81621958333333      -0.709319078097504     
  2.000000000000000E-003   7.11249000000000      -0.662759179519994     
  0.298270416666667       2.000000000000000E-003  -11.9380091144834     
  0.298270416666667       0.298270416666667       -11.3898286696899     
  0.298270416666667       0.594540833333333       -9.99435617073677     
  0.298270416666667       0.890811250000000       -8.22381960586186     
  0.298270416666667        1.18708166666667       -6.61882068498559     
  0.298270416666667        1.48335208333333       -5.34012853348408     
  0.298270416666667        1.77962250000000       -4.36006411892361     
  0.298270416666667        2.07589291666667       -3.61555327000183     
  0.298270416666667        2.37216333333333       -3.05142461066060     
  0.298270416666667        2.66843375000000       -2.62125292276550     
  0.298270416666667        2.96470416666667       -2.28682905887860     
  0.298270416666667        3.26097458333333       -2.02065733670238     
  0.298270416666667        3.55724500000000       -1.80265707311673     
  0.298270416666667        3.85351541666667       -1.61894403855805     
  0.298270416666667        4.14978583333333       -1.46088075693716     
  0.298270416666667        4.44605625000000       -1.32360503272167     
  0.298270416666667        4.74232666666667       -1.20429951951932     
  0.298270416666667        5.03859708333333       -1.10077166096345     
  0.298270416666667        5.33486750000000       -1.01088405256088     
  0.298270416666667        5.63113791666667      -0.932755431263104     
  0.298270416666667        5.92740833333333      -0.864779819843410     
  0.298270416666667        6.22367875000000      -0.806171706766169     
  0.298270416666667        6.51994916666667      -0.757753984754578     
  0.298270416666667        6.81621958333333      -0.715346465498134     
  0.298270416666667        7.11249000000000      -0.661096614677429     
  0.594540833333333       2.000000000000000E-003  -10.5577412603737     
  0.594540833333333       0.298270416666667       -9.99436965182669     
  0.594540833333333       0.594540833333333       -8.76258365862947     
  0.594540833333333       0.890811250000000       -7.36809661501699     
  0.594540833333333        1.18708166666667       -6.07860457945529     
  0.594540833333333        1.48335208333333       -5.00182029611576     
  0.594540833333333        1.77962250000000       -4.14394936038302     
  0.594540833333333        2.07589291666667       -3.47364511764669     
  0.594540833333333        2.37216333333333       -2.95534154467737     
  0.594540833333333        2.66843375000000       -2.55360394533343     
  0.594540833333333        2.96470416666667       -2.23755539221417     
  0.594540833333333        3.26097458333333       -1.98365951585382     
  0.594540833333333        3.55724500000000       -1.77410609022985     
  0.594540833333333        3.85351541666667       -1.59638494737707     
  0.594540833333333        4.14978583333333       -1.44268696642217     
  0.594540833333333        4.44605625000000       -1.30865867726940     
  0.594540833333333        4.74232666666667       -1.19182532304134     
  0.594540833333333        5.03859708333333       -1.09026912547287     
  0.594540833333333        5.33486750000000       -1.00211412897584     
  0.594540833333333        5.63113791666667      -0.925714046977226     
  0.594540833333333        5.92740833333333      -0.859828345161781     
  0.594540833333333        6.22367875000000      -0.803456487364279     
  0.594540833333333        6.51994916666667      -0.753912995700534     
  0.594540833333333        6.81621958333333      -0.701709469629824     
  0.594540833333333        7.11249000000000      -0.646107639853664     
  0.890811250000000       2.000000000000000E-003  -8.58797611644719     
  0.890811250000000       0.298270416666667       -8.22383703656004     
  0.890811250000000       0.594540833333333       -7.36810389633475     
  0.890811250000000       0.890811250000000       -6.36082091955157     
  0.890811250000000        1.18708166666667       -5.39308030585980     
  0.890811250000000        1.48335208333333       -4.54527656763095     
  0.890811250000000        1.77962250000000       -3.83858823566097     
  0.890811250000000        2.07589291666667       -3.26660483704790     
  0.890811250000000        2.37216333333333       -2.81220536997696     
  0.890811250000000        2.66843375000000       -2.45163043669967     
  0.890811250000000        2.96470416666667       -2.16289068285467     
  0.890811250000000        3.26097458333333       -1.92750814918294     
  0.890811250000000        3.55724500000000       -1.73076488403990     
  0.890811250000000        3.85351541666667       -1.56210714825806     
  0.890811250000000        4.14978583333333       -1.41496270997496     
  0.890811250000000        4.44605625000000       -1.28575716954526     
  0.890811250000000        4.74232666666667       -1.17251890022062     
  0.890811250000000        5.03859708333333       -1.07370458181997     
  0.890811250000000        5.33486750000000      -0.987686989962822     
  0.890811250000000        5.63113791666667      -0.912884023635549     
  0.890811250000000        5.92740833333333      -0.847843058746446     
  0.890811250000000        6.22367875000000      -0.790595662106274     
  0.890811250000000        6.51994916666667      -0.737269660905365     
  0.890811250000000        6.81621958333333      -0.682953975376856     
  0.890811250000000        7.11249000000000      -0.631095786249220     
   1.18708166666667       2.000000000000000E-003  -6.83237510554980     
   1.18708166666667       0.298270416666667       -6.61883779687632     
   1.18708166666667       0.594540833333333       -6.07861496034298     
   1.18708166666667       0.890811250000000       -5.39308476309988     
   1.18708166666667        1.18708166666667       -4.69508404691513     
   1.18708166666667        1.48335208333333       -4.05245073781326     
   1.18708166666667        1.77962250000000       -3.49329085102236     
   1.18708166666667        2.07589291666667       -3.02455835907382     
   1.18708166666667        2.37216333333333       -2.64031394186385     
   1.18708166666667        2.66843375000000       -2.32721757157785     
   1.18708166666667        2.96470416666667       -2.07102393225895     
   1.18708166666667        3.26097458333333       -1.85820031482893     
   1.18708166666667        3.55724500000000       -1.67724661861277     
   1.18708166666667        3.85351541666667       -1.51974368818484     
   1.18708166666667        4.14978583333333       -1.38057944517930     
   1.18708166666667        4.44605625000000       -1.25716589911462     
   1.18708166666667        4.74232666666667       -1.14815891194045     
   1.18708166666667        5.03859708333333       -1.05242236008362     
   1.18708166666667        5.33486750000000      -0.968588640518947     
   1.18708166666667        5.63113791666667      -0.895112358417311     
   1.18708166666667        5.92740833333333      -0.830329798525061     
   1.18708166666667        6.22367875000000      -0.772116907472138     
   1.18708166666667        6.51994916666667      -0.717676530331119     
   1.18708166666667        6.81621958333333      -0.665141968148559     
   1.18708166666667        7.11249000000000      -0.616392552103308     
   1.48335208333333       2.000000000000000E-003  -5.46756284700715     
   1.48335208333333       0.298270416666667       -5.34014425043271     
   1.48335208333333       0.594540833333333       -5.00183156970855     
   1.48335208333333       0.890811250000000       -4.54528339174298     
   1.48335208333333        1.18708166666667       -4.05245371697137     
   1.48335208333333        1.48335208333333       -3.57665066432425     
   1.48335208333333        1.77962250000000       -3.14597921544443     
   1.48335208333333        2.07589291666667       -2.77257789163907     
   1.48335208333333        2.37216333333333       -2.45621143485336     
   1.48335208333333        2.66843375000000       -2.19121005407642     
   1.48335208333333        2.96470416666667       -1.96927459919523     
   1.48335208333333        3.26097458333333       -1.78125871538595     
   1.48335208333333        3.55724500000000       -1.61788899480935     
   1.48335208333333        3.85351541666667       -1.47272168587925     
   1.48335208333333        4.14978583333333       -1.34215768043438     
   1.48335208333333        4.44605625000000       -1.22493884571820     
   1.48335208333333        4.74232666666667       -1.12043547529731     
   1.48335208333333        5.03859708333333       -1.02791088665402     
   1.48335208333333        5.33486750000000      -0.946264276522303     
   1.48335208333333        5.63113791666667      -0.874126035905156     
   1.48335208333333        5.92740833333333      -0.809900805943288     
   1.48335208333333        6.22367875000000      -0.751850088716680     
   1.48335208333333        6.51994916666667      -0.698163518702525     
   1.48335208333333        6.81621958333333      -0.647847317746497     
   1.48335208333333        7.11249000000000      -0.601355965386143     
   1.77962250000000       2.000000000000000E-003  -4.43892442377364     
   1.77962250000000       0.298270416666667       -4.36007808277022     
   1.77962250000000       0.594540833333333       -4.14396038734231     
   1.77962250000000       0.890811250000000       -3.83859608306023     
   1.77962250000000        1.18708166666667       -3.49329567691670     
   1.77962250000000        1.48335208333333       -3.14598141929083     
   1.77962250000000        1.77962250000000       -2.82042231240873     
   1.77962250000000        2.07589291666667       -2.52777070224976     
   1.77962250000000        2.37216333333333       -2.27166169695923     
   1.77962250000000        2.66843375000000       -2.05239001958903     
   1.77962250000000        2.96470416666667       -1.86510737651427     
   1.77962250000000        3.26097458333333       -1.70249108704614     
   1.77962250000000        3.55724500000000       -1.55726539455902     
   1.77962250000000        3.85351541666667       -1.42437793764002     
   1.77962250000000        4.14978583333333       -1.30211775523387     
   1.77962250000000        4.44605625000000       -1.19072906375551     
   1.77962250000000        4.74232666666667       -1.09059611255986     
   1.77962250000000        5.03859708333333       -1.00138533931050     
   1.77962250000000        5.33486750000000      -0.922030620991536     
   1.77962250000000        5.63113791666667      -0.851420588136549     
   1.77962250000000        5.92740833333333      -0.788299877106313     
   1.77962250000000        6.22367875000000      -0.731312564004535     
   1.77962250000000        6.51994916666667      -0.679134905830481     
   1.77962250000000        6.81621958333333      -0.630886096579883     
   1.77962250000000        7.11249000000000      -0.586286916351517     
   2.07589291666667       2.000000000000000E-003  -3.66672854432208     
   2.07589291666667       0.298270416666667       -3.61556556077232     
   2.07589291666667       0.594540833333333       -3.47365554684107     
   2.07589291666667       0.890811250000000       -3.26661313681143     
   2.07589291666667        1.18708166666667       -3.02456444921300     
   2.07589291666667        1.48335208333333       -2.77258181930462     
   2.07589291666667        1.77962250000000       -2.52777259025520     
   2.07589291666667        2.07589291666667       -2.30014406305414     
   2.07589291666667        2.37216333333333       -2.09683585855286     
   2.07589291666667        2.66843375000000       -1.91926026334981     
   2.07589291666667        2.96470416666667       -1.76451701333639     
   2.07589291666667        3.26097458333333       -1.62662744040338     
   2.07589291666667        3.55724500000000       -1.49882423261670     
   2.07589291666667        3.85351541666667       -1.37710114616261     
   2.07589291666667        4.14978583333333       -1.26196100634875     
   2.07589291666667        4.44605625000000       -1.15575332253569     
   2.07589291666667        4.74232666666667       -1.05971139214429     
   2.07589291666667        5.03859708333333      -0.973685418161420     
   2.07589291666667        5.33486750000000      -0.896784674107153     
   2.07589291666667        5.63113791666667      -0.827981004975740     
   2.07589291666667        5.92740833333333      -0.766394359315693     
   2.07589291666667        6.22367875000000      -0.710993450454123     
   2.07589291666667        6.51994916666667      -0.660626998850639     
   2.07589291666667        6.81621958333333      -0.614362820972323     
   2.07589291666667        7.11249000000000      -0.571495333188195     
   2.37216333333333       2.000000000000000E-003  -3.08567063229811     
   2.37216333333333       0.298270416666667       -3.05143594130457     
   2.37216333333333       0.594540833333333       -2.95535172540295     
   2.37216333333333       0.890811250000000       -2.81221414354363     
   2.37216333333333        1.18708166666667       -2.64032106600301     
   2.37216333333333        1.48335208333333       -2.45621675727825     
   2.37216333333333        1.77962250000000       -2.27166520129056     
   2.37216333333333        2.07589291666667       -2.09683748500477     
   2.37216333333333        2.37216333333333       -1.93782510017404     
   2.37216333333333        2.66843375000000       -1.79627205160270     
   2.37216333333333        2.96470416666667       -1.67078131671251     
   2.37216333333333        3.26097458333333       -1.55620417867134     
   2.37216333333333        3.55724500000000       -1.44449277739774     
   2.37216333333333        3.85351541666667       -1.33171070981086     
   2.37216333333333        4.14978583333333       -1.22192937070469     
   2.37216333333333        4.44605625000000       -1.12029032138280     
   2.37216333333333        4.74232666666667       -1.02827047435546     
   2.37216333333333        5.03859708333333      -0.945415441426567     
   2.37216333333333        5.33486750000000      -0.870979951815863     
   2.37216333333333        5.63113791666667      -0.804227098403130     
   2.37216333333333        5.92740833333333      -0.744445051130368     
   2.37216333333333        6.22367875000000      -0.690884289237422     
   2.37216333333333        6.51994916666667      -0.642507589864966     
   2.37216333333333        6.81621958333333      -0.598205268645243     
   2.37216333333333        7.11249000000000      -0.557082768063910     
   2.66843375000000       2.000000000000000E-003  -2.64522461565998     
   2.66843375000000       0.298270416666667       -2.62126378309399     
   2.66843375000000       0.594540833333333       -2.55361407767887     
   2.66843375000000       0.890811250000000       -2.45163958253761     
   2.66843375000000        1.18708166666667       -2.32722542368961     
   2.66843375000000        1.48335208333333       -2.19121640875316     
   2.66843375000000        1.77962250000000       -2.05239467471265     
   2.66843375000000        2.07589291666667       -1.91926306997564     
   2.66843375000000        2.37216333333333       -1.79627327400612     
   2.66843375000000        2.66843375000000       -1.68492674737419     
   2.66843375000000        2.96470416666667       -1.58456932601176     
   2.66843375000000        3.26097458333333       -1.49116790997232     
   2.66843375000000        3.55724500000000       -1.39393230436344     
   2.66843375000000        3.85351541666667       -1.28687469050895     
   2.66843375000000        4.14978583333333       -1.18116494393429     
   2.66843375000000        4.44605625000000       -1.08443297135075     
   2.66843375000000        4.74232666666667      -0.996549561885505     
   2.66843375000000        5.03859708333333      -0.916749743128309     
   2.66843375000000        5.33486750000000      -0.844714730173311     
   2.66843375000000        5.63113791666667      -0.780114875484398     
   2.66843375000000        5.92740833333333      -0.722388416737085     
   2.66843375000000        6.22367875000000      -0.670826529267647     
   2.66843375000000        6.51994916666667      -0.624435191976958     
   2.66843375000000        6.81621958333333      -0.582030508899787     
   2.66843375000000        7.11249000000000      -0.542598303988261     
   2.96470416666667       2.000000000000000E-003  -2.30424907621258     
   2.96470416666667       0.298270416666667       -2.28683933098154     
   2.96470416666667       0.594540833333333       -2.23756521240478     
   2.96470416666667       0.890811250000000       -2.16289979910470     
   2.96470416666667        1.18708166666667       -2.07103202986722     
   2.96470416666667        1.48335208333333       -1.96928150125688     
   2.96470416666667        1.77962250000000       -1.86511262330930     
   2.96470416666667        2.07589291666667       -1.76452054407851     
   2.96470416666667        2.37216333333333       -1.67078341192302     
   2.96470416666667        2.66843375000000       -1.58457031113285     
   2.96470416666667        2.96470416666667       -1.50425202708562     
   2.96470416666667        3.26097458333333       -1.42767388141831     
   2.96470416666667        3.55724500000000       -1.34333508557038     
   2.96470416666667        3.85351541666667       -1.23921106483880     
   2.96470416666667        4.14978583333333       -1.13954987847729     
   2.96470416666667        4.44605625000000       -1.04894735900310     
   2.96470416666667        4.74232666666667      -0.964678134771306     
   2.96470416666667        5.03859708333333      -0.887377095109738     
   2.96470416666667        5.33486750000000      -0.817563805699702     
   2.96470416666667        5.63113791666667      -0.755188146024350     
   2.96470416666667        5.92740833333333      -0.699786349863602     
   2.96470416666667        6.22367875000000      -0.650421174383372     
   2.96470416666667        6.51994916666667      -0.606099540394080     
   2.96470416666667        6.81621958333333      -0.565595876804842     
   2.96470416666667        7.11249000000000      -0.527849184872981     
   3.26097458333333       2.000000000000000E-003  -2.03372202693637     
   3.26097458333333       0.298270416666667       -2.02066654588765     
   3.26097458333333       0.594540833333333       -1.98366848895947     
   3.26097458333333       0.890811250000000       -1.92751666030925     
   3.26097458333333        1.18708166666667       -1.85820807372209     
   3.26097458333333        1.48335208333333       -1.78126551339494     
   3.26097458333333        1.77962250000000       -1.70249641417042     
   3.26097458333333        2.07589291666667       -1.62663132352432     
   3.26097458333333        2.37216333333333       -1.55620694445850     
   3.26097458333333        2.66843375000000       -1.49116992727880     
   3.26097458333333        2.96470416666667       -1.42767525961435     
   3.26097458333333        3.26097458333333       -1.35863182562308     
   3.26097458333333        3.55724500000000       -1.28009780513210     
   3.26097458333333        3.85351541666667       -1.18749061255631     
   3.26097458333333        4.14978583333333       -1.09989670598199     
   3.26097458333333        4.44605625000000       -1.01317027085678     
   3.26097458333333        4.74232666666667      -0.931073944541410     
   3.26097458333333        5.03859708333333      -0.856088374788986     
   3.26097458333333        5.33486750000000      -0.788723818530283     
   3.26097458333333        5.63113791666667      -0.728867129283787     
   3.26097458333333        5.92740833333333      -0.676033957363438     
   3.26097458333333        6.22367875000000      -0.629074498761047     
   3.26097458333333        6.51994916666667      -0.586935925857779     
   3.26097458333333        6.81621958333333      -0.548387088985596     
   3.26097458333333        7.11249000000000      -0.512371384451499     
   3.55724500000000       2.000000000000000E-003  -1.81272403761099     
   3.55724500000000       0.298270416666667       -1.80266473527268     
   3.55724500000000       0.594540833333333       -1.77411370914515     
   3.55724500000000       0.890811250000000       -1.73077227609063     
   3.55724500000000        1.18708166666667       -1.67725352604646     
   3.55724500000000        1.48335208333333       -1.61789519714900     
   3.55724500000000        1.77962250000000       -1.55727039543103     
   3.55724500000000        2.07589291666667       -1.49882815259043     
   3.55724500000000        2.37216333333333       -1.44449600119785     
   3.55724500000000        2.66843375000000       -1.39393528053984     
   3.55724500000000        2.96470416666667       -1.34333801002840     
   3.55724500000000        3.26097458333333       -1.28009953612462     
   3.55724500000000        3.55724500000000       -1.19446208700191     
   3.55724500000000        3.85351541666667       -1.13283573299554     
   3.55724500000000        4.14978583333333       -1.05030006140019     
   3.55724500000000        4.44605625000000      -0.968165976396404     
   3.55724500000000        4.74232666666667      -0.891482986872018     
   3.55724500000000        5.03859708333333      -0.821041854478938     
   3.55724500000000        5.33486750000000      -0.757356709454213     
   3.55724500000000        5.63113791666667      -0.700642613801421     
   3.55724500000000        5.92740833333333      -0.650699019044746     
   3.55724500000000        6.22367875000000      -0.606327249427290     
   3.55724500000000        6.51994916666667      -0.566471873241311     
   3.55724500000000        6.81621958333333      -0.529941563964992     
   3.55724500000000        7.11249000000000      -0.495731259521121     
   3.85351541666667       2.000000000000000E-003  -1.62687551104598     
   3.85351541666667       0.298270416666667       -1.61894995694601     
   3.85351541666667       0.594540833333333       -1.59639098881774     
   3.85351541666667       0.890811250000000       -1.56211317392210     
   3.85351541666667        1.18708166666667       -1.51974946701928     
   3.85351541666667        1.48335208333333       -1.47272699805721     
   3.85351541666667        1.77962250000000       -1.42438235196332     
   3.85351541666667        2.07589291666667       -1.37710478445761     
   3.85351541666667        2.37216333333333       -1.33171392739285     
   3.85351541666667        2.66843375000000       -1.28687775612805     
   3.85351541666667        2.96470416666667       -1.23921372515279     
   3.85351541666667        3.26097458333333       -1.18749160164968     
   3.85351541666667        3.55724500000000       -1.13283533013326     
   3.85351541666667        3.85351541666667       -1.04888344778372     
   3.85351541666667        4.14978583333333      -0.974042691635230     
   3.85351541666667        4.44605625000000      -0.909190935853888     
   3.85351541666667        4.74232666666667      -0.844622113256643     
   3.85351541666667        5.03859708333333      -0.781862548468773     
   3.85351541666667        5.33486750000000      -0.723380382422423     
   3.85351541666667        5.63113791666667      -0.670551450991233     
   3.85351541666667        5.92740833333333      -0.623776526067814     
   3.85351541666667        6.22367875000000      -0.582127646309350     
   3.85351541666667        6.51994916666667      -0.544624961885843     
   3.85351541666667        6.81621958333333      -0.510164628948672     
   3.85351541666667        7.11249000000000      -0.477836235724062     
   4.14978583333333       2.000000000000000E-003  -1.46724945723122     
   4.14978583333333       0.298270416666667       -1.46088512924048     
   4.14978583333333       0.594540833333333       -1.44269157348861     
   4.14978583333333       0.890811250000000       -1.41496744834529     
   4.14978583333333        1.18708166666667       -1.38058410647313     
   4.14978583333333        1.48335208333333       -1.34216206047343     
   4.14978583333333        1.77962250000000       -1.30212146689893     
   4.14978583333333        2.07589291666667       -1.26196409545973     
   4.14978583333333        2.37216333333333       -1.22193206343821     
   4.14978583333333        2.66843375000000       -1.18116723718622     
   4.14978583333333        2.96470416666667       -1.13955122624820     
   4.14978583333333        3.26097458333333       -1.09989641540587     
   4.14978583333333        3.55724500000000       -1.05029918997151     
   4.14978583333333        3.85351541666667      -0.974042365106651     
   4.14978583333333        4.14978583333333      -0.906291090401419     
   4.14978583333333        4.44605625000000      -0.850564236112804     
   4.14978583333333        4.74232666666667      -0.795596661224721     
   4.14978583333333        5.03859708333333      -0.740480074759172     
   4.14978583333333        5.33486750000000      -0.687659782113697     
   4.14978583333333        5.63113791666667      -0.639105558188007     
   4.14978583333333        5.92740833333333      -0.595715958755615     
   4.14978583333333        6.22367875000000      -0.556889467019489     
   4.14978583333333        6.51994916666667      -0.521780614647848     
   4.14978583333333        6.81621958333333      -0.489420607472967     
   4.14978583333333        7.11249000000000      -0.459027548354484     
   4.44605625000000       2.000000000000000E-003  -1.32880555753967     
   4.44605625000000       0.298270416666667       -1.32360832243747     
   4.44605625000000       0.594540833333333       -1.30866224081200     
   4.44605625000000       0.890811250000000       -1.28576092254726     
   4.44605625000000        1.18708166666667       -1.25716965566488     
   4.44605625000000        1.48335208333333       -1.22494238577244     
   4.44605625000000        1.77962250000000       -1.19073210564627     
   4.44605625000000        2.07589291666667       -1.15575577214761     
   4.44605625000000        2.37216333333333       -1.12029228108911     
   4.44605625000000        2.66843375000000       -1.08443435917783     
   4.44605625000000        2.96470416666667       -1.04894783767759     
   4.44605625000000        3.26097458333333       -1.01316969218257     
   4.44605625000000        3.55724500000000      -0.968164989343801     
   4.44605625000000        3.85351541666667      -0.909190218416991     
   4.44605625000000        4.14978583333333      -0.850563895799599     
   4.44605625000000        4.44605625000000      -0.798344113924262     
   4.44605625000000        4.74232666666667      -0.748356281777780     
   4.44605625000000        5.03859708333333      -0.698985622834679     
   4.44605625000000        5.33486750000000      -0.651351770502296     
   4.44605625000000        5.63113791666667      -0.607132286148861     
   4.44605625000000        5.92740833333333      -0.567244929216954     
   4.44605625000000        6.22367875000000      -0.531312305183823     
   4.44605625000000        6.51994916666667      -0.498615004221521     
   4.44605625000000        6.81621958333333      -0.468364247730488     
   4.44605625000000        7.11249000000000      -0.439925514774060     
   4.74232666666667       2.000000000000000E-003  -1.20859945032468     
   4.74232666666667       0.298270416666667       -1.20430218678618     
   4.74232666666667       0.594540833333333       -1.19182824164120     
   4.74232666666667       0.890811250000000       -1.17252199068276     
   4.74232666666667        1.18708166666667       -1.14816201205038     
   4.74232666666667        1.48335208333333       -1.12043837972553     
   4.74232666666667        1.77962250000000       -1.09059859834401     
   4.74232666666667        2.07589291666667       -1.05971329540273     
   4.74232666666667        2.37216333333333       -1.02827182214360     
   4.74232666666667        2.66843375000000      -0.996550313089913     
   4.74232666666667        2.96470416666667      -0.964678164902405     
   4.74232666666667        3.26097458333333      -0.931073292249788     
   4.74232666666667        3.55724500000000      -0.891482030785049     
   4.74232666666667        3.85351541666667      -0.844621299052166     
   4.74232666666667        4.14978583333333      -0.795596210782931     
   4.74232666666667        4.44605625000000      -0.748356171029814     
   4.74232666666667        4.74232666666667      -0.702720845990818     
   4.74232666666667        5.03859708333333      -0.658149943254483     
   4.74232666666667        5.33486750000000      -0.615267093246075     
   4.74232666666667        5.63113791666667      -0.575389471289777     
   4.74232666666667        5.92740833333333      -0.539107582160501     
   4.74232666666667        6.22367875000000      -0.506085008772078     
   4.74232666666667        6.51994916666667      -0.475784680548207     
   4.74232666666667        6.81621958333333      -0.447630027276859     
   4.74232666666667        7.11249000000000      -0.421137952262479     
   5.03859708333333       2.000000000000000E-003  -1.10431708855800     
   5.03859708333333       0.298270416666667       -1.10077393694147     
   5.03859708333333       0.594540833333333       -1.09027159181684     
   5.03859708333333       0.890811250000000       -1.07370717463734     
   5.03859708333333        1.18708166666667       -1.05242494640335     
   5.03859708333333        1.48335208333333       -1.02791329737273     
   5.03859708333333        1.77962250000000       -1.00138738961437     
   5.03859708333333        2.07589291666667      -0.973686942372875     
   5.03859708333333        2.37216333333333      -0.945416424973938     
   5.03859708333333        2.66843375000000      -0.916750215427827     
   5.03859708333333        2.96470416666667      -0.887377066673754     
   5.03859708333333        3.26097458333333      -0.856087942044345     
   5.03859708333333        3.55724500000000      -0.821041271588999     
   5.03859708333333        3.85351541666667      -0.781862108276176     
   5.03859708333333        4.14978583333333      -0.740479938536969     
   5.03859708333333        4.44605625000000      -0.698985737624052     
   5.03859708333333        4.74232666666667      -0.658150101256335     
   5.03859708333333        5.03859708333333      -0.618279577494814     
   5.03859708333333        5.33486750000000      -0.580087949579087     
   5.03859708333333        5.63113791666667      -0.544574483283104     
   5.03859708333333        5.92740833333333      -0.511825699770335     
   5.03859708333333        6.22367875000000      -0.481622650396370     
   5.03859708333333        6.51994916666667      -0.453645568378029     
   5.03859708333333        6.81621958333333      -0.427603033266024     
   5.03859708333333        7.11249000000000      -0.403057241758367     
   5.33486750000000       2.000000000000000E-003  -1.01373530032866     
   5.33486750000000       0.298270416666667       -1.01088610398860     
   5.33486750000000       0.594540833333333       -1.00211630146896     
   5.33486750000000       0.890811250000000      -0.987689152079971     
   5.33486750000000        1.18708166666667      -0.968590712863054     
   5.33486750000000        1.48335208333333      -0.946266235248032     
   5.33486750000000        1.77962250000000      -0.922032329958656     
   5.33486750000000        2.07589291666667      -0.896785989251218     
   5.33486750000000        2.37216333333333      -0.870980792685774     
   5.33486750000000        2.66843375000000      -0.844715173137566     
   5.33486750000000        2.96470416666667      -0.817563955230328     
   5.33486750000000        3.26097458333333      -0.788723803047135     
   5.33486750000000        3.55724500000000      -0.757356700395946     
   5.33486750000000        3.85351541666667      -0.723380535777167     
   5.33486750000000        4.14978583333333      -0.687660144305912     
   5.33486750000000        4.44605625000000      -0.651352245380551     
   5.33486750000000        4.74232666666667      -0.615267510548117     
   5.33486750000000        5.03859708333333      -0.580088185929407     
   5.33486750000000        5.33486750000000      -0.546589385440886     
   5.33486750000000        5.63113791666667      -0.515086192694896     
   5.33486750000000        5.92740833333333      -0.485602783413667     
   5.33486750000000        6.22367875000000      -0.458273982221631     
   5.33486750000000        6.51994916666667      -0.432845243170554     
   5.33486750000000        6.81621958333333      -0.408941035859533     
   5.33486750000000        7.11249000000000      -0.386244490050471     
   5.63113791666667       2.000000000000000E-003 -0.934753918267108     
   5.63113791666667       0.298270416666667      -0.932757509715093     
   5.63113791666667       0.594540833333333      -0.925716182662735     
   5.63113791666667       0.890811250000000      -0.912885964441793     
   5.63113791666667        1.18708166666667      -0.895114042551506     
   5.63113791666667        1.48335208333333      -0.874127546468115     
   5.63113791666667        1.77962250000000      -0.851422007005088     
   5.63113791666667        2.07589291666667      -0.827982215996032     
   5.63113791666667        2.37216333333333      -0.804227997563113     
   5.63113791666667        2.66843375000000      -0.780115454522773     
   5.63113791666667        2.96470416666667      -0.755188507458693     
   5.63113791666667        3.26097458333333      -0.728867442820138     
   5.63113791666667        3.55724500000000      -0.700643013656841     
   5.63113791666667        3.85351541666667      -0.670552008806664     
   5.63113791666667        4.14978583333333      -0.639106252889094     
   5.63113791666667        4.44605625000000      -0.607133019678338     
   5.63113791666667        4.74232666666667      -0.575390132070086     
   5.63113791666667        5.03859708333333      -0.544574978850278     
   5.63113791666667        5.33486750000000      -0.515086463633975     
   5.63113791666667        5.63113791666667      -0.487095826673930     
   5.63113791666667        5.92740833333333      -0.461010468507587     
   5.63113791666667        6.22367875000000      -0.436775298031714     
   5.63113791666667        6.51994916666667      -0.413976764104272     
   5.63113791666667        6.81621958333333      -0.392108299281789     
   5.63113791666667        7.11249000000000      -0.370934673455703     
   5.92740833333333       2.000000000000000E-003 -0.865366483634028     
   5.92740833333333       0.298270416666667      -0.864782310737686     
   5.92740833333333       0.594540833333333      -0.859830731466379     
   5.92740833333333       0.890811250000000      -0.847844909292867     
   5.92740833333333        1.18708166666667      -0.830331161313706     
   5.92740833333333        1.48335208333333      -0.809901973198646     
   5.92740833333333        1.77962250000000      -0.788301049606840     
   5.92740833333333        2.07589291666667      -0.766395536325549     
   5.92740833333333        2.37216333333333      -0.744446088030827     
   5.92740833333333        2.66843375000000      -0.722389251721143     
   5.92740833333333        2.96470416666667      -0.699787020710794     
   5.92740833333333        3.26097458333333      -0.676034571677924     
   5.92740833333333        3.55724500000000      -0.650699694149763     
   5.92740833333333        3.85351541666667      -0.623777330025976     
   5.92740833333333        4.14978583333333      -0.595716881233049     
   5.92740833333333        4.44605625000000      -0.567245892777068     
   5.92740833333333        4.74232666666667      -0.539108482852500     
   5.92740833333333        5.03859708333333      -0.511826453190231     
   5.92740833333333        5.33486750000000      -0.485603347477132     
   5.92740833333333        5.63113791666667      -0.461010772205542     
   5.92740833333333        5.92740833333333      -0.438346688119563     
   5.92740833333333        6.22367875000000      -0.417391357940434     
   5.92740833333333        6.51994916666667      -0.397406464008135     
   5.92740833333333        6.81621958333333      -0.377409536231588     
   5.92740833333333        7.11249000000000      -0.357215587942665     
   6.22367875000000       2.000000000000000E-003 -0.803969598018885     
   6.22367875000000       0.298270416666667      -0.806174669653509     
   6.22367875000000       0.594540833333333      -0.803459041720029     
   6.22367875000000       0.890811250000000      -0.790597258505660     
   6.22367875000000        1.18708166666667      -0.772117799644504     
   6.22367875000000        1.48335208333333      -0.751850854853538     
   6.22367875000000        1.77962250000000      -0.731313552602014     
   6.22367875000000        2.07589291666667      -0.710994627110349     
   6.22367875000000        2.37216333333333      -0.690885474339799     
   6.22367875000000        2.66843375000000      -0.670827614467770     
   6.22367875000000        2.96470416666667      -0.650422145325928     
   6.22367875000000        3.26097458333333      -0.629075413862444     
   6.22367875000000        3.55724500000000      -0.606328193683459     
   6.22367875000000        3.85351541666667      -0.582128679234701     
   6.22367875000000        4.14978583333333      -0.556890588305905     
   6.22367875000000        4.44605625000000      -0.531313454833156     
   6.22367875000000        4.74232666666667      -0.506086100208968     
   6.22367875000000        5.03859708333333      -0.481623619931654     
   6.22367875000000        5.33486750000000      -0.458274796175291     
   6.22367875000000        5.63113791666667      -0.436775823825325     
   6.22367875000000        5.92740833333333      -0.417391555131240     
   6.22367875000000        6.22367875000000      -0.399974080766542     
   6.22367875000000        6.51994916666667      -0.383358167316918     
   6.22367875000000        6.81621958333333      -0.365183265525994     
   6.22367875000000        7.11249000000000      -0.344994829380291     
   6.51994916666667       2.000000000000000E-003 -0.751172684417477     
   6.51994916666667       0.298270416666667      -0.757756587329387     
   6.51994916666667       0.594540833333333      -0.753914892019570     
   6.51994916666667       0.890811250000000      -0.737270518660037     
   6.51994916666667        1.18708166666667      -0.717676717988357     
   6.51994916666667        1.48335208333333      -0.698163768478397     
   6.51994916666667        1.77962250000000      -0.679135663842921     
   6.51994916666667        2.07589291666667      -0.660628169891941     
   6.51994916666667        2.37216333333333      -0.642508856405935     
   6.51994916666667        2.66843375000000      -0.624436428437492     
   6.51994916666667        2.96470416666667      -0.606100701126145     
   6.51994916666667        3.26097458333333      -0.586937033643815     
   6.51994916666667        3.55724500000000      -0.566472985324862     
   6.51994916666667        3.85351541666667      -0.544626125515085     
   6.51994916666667        4.14978583333333      -0.521781836476299     
   6.51994916666667        4.44605625000000      -0.498616243133412     
   6.51994916666667        4.74232666666667      -0.475785868660460     
   6.51994916666667        5.03859708333333      -0.453646657836029     
   6.51994916666667        5.33486750000000      -0.432846165619501     
   6.51994916666667        5.63113791666667      -0.413977339645869     
   6.51994916666667        5.92740833333333      -0.397406688768985     
   6.51994916666667        6.22367875000000      -0.383358226496027     
   6.51994916666667        6.51994916666667      -0.370757948877228     
   6.51994916666667        6.81621958333333      -0.355067843513169     
   6.51994916666667        7.11249000000000      -0.333633757828424     
   6.81621958333333       2.000000000000000E-003 -0.709321187360067     
   6.81621958333333       0.298270416666667      -0.715347814637490     
   6.81621958333333       0.594540833333333      -0.701710131285772     
   6.81621958333333       0.890811250000000      -0.682954028699177     
   6.81621958333333        1.18708166666667      -0.665141566358919     
   6.81621958333333        1.48335208333333      -0.647847125970135     
   6.81621958333333        1.77962250000000      -0.630886603535083     
   6.81621958333333        2.07589291666667      -0.614363918391098     
   6.81621958333333        2.37216333333333      -0.598206503345328     
   6.81621958333333        2.66843375000000      -0.582031747612059     
   6.81621958333333        2.96470416666667      -0.565597068762378     
   6.81621958333333        3.26097458333333      -0.548388238589031     
   6.81621958333333        3.55724500000000      -0.529942707271258     
   6.81621958333333        3.85351541666667      -0.510165797501370     
   6.81621958333333        4.14978583333333      -0.489421811544747     
   6.81621958333333        4.44605625000000      -0.468365463313985     
   6.81621958333333        4.74232666666667      -0.447631199751422     
   6.81621958333333        5.03859708333333      -0.427604111201113     
   6.81621958333333        5.33486750000000      -0.408941915245359     
   6.81621958333333        5.63113791666667      -0.392108795218269     
   6.81621958333333        5.92740833333333      -0.377409702608683     
   6.81621958333333        6.22367875000000      -0.365183367450771     
   6.81621958333333        6.51994916666667      -0.355068020806705     
   6.81621958333333        6.81621958333333      -0.342363782613199     
   6.81621958333333        7.11249000000000      -0.320515190499131     
   7.11249000000000       2.000000000000000E-003 -0.662759759671051     
   7.11249000000000       0.298270416666667      -0.661097380677336     
   7.11249000000000       0.594540833333333      -0.646108378134073     
   7.11249000000000       0.890811250000000      -0.631095958008987     
   7.11249000000000        1.18708166666667      -0.616392160196177     
   7.11249000000000        1.48335208333333      -0.601355669074125     
   7.11249000000000        1.77962250000000      -0.586287270828883     
   7.11249000000000        2.07589291666667      -0.571496295674164     
   7.11249000000000        2.37216333333333      -0.557083862113656     
   7.11249000000000        2.66843375000000      -0.542599415434192     
   7.11249000000000        2.96470416666667      -0.527850274629529     
   7.11249000000000        3.26097458333333      -0.512372450029395     
   7.11249000000000        3.55724500000000      -0.495732321243624     
   7.11249000000000        3.85351541666667      -0.477837310189052     
   7.11249000000000        4.14978583333333      -0.459028645817863     
   7.11249000000000        4.44605625000000      -0.439926622057781     
   7.11249000000000        4.74232666666667      -0.421139022044272     
   7.11249000000000        5.03859708333333      -0.403058213514308     
   7.11249000000000        5.33486750000000      -0.386245260742908     
   7.11249000000000        5.63113791666667      -0.370935100591939     
   7.11249000000000        5.92740833333333      -0.357215769837556     
   7.11249000000000        6.22367875000000      -0.344995047499363     
   7.11249000000000        6.51994916666667      -0.333634102422379     
   7.11249000000000        6.81621958333333      -0.320515247190917     
   7.11249000000000        7.11249000000000      -0.303612121065406     
